0000000000000000000000000000000000000001
0000000000000000000000001110100000000001
0000000000000000000000000000000000000001
0000000000001000000000001110100000000001
1111111111110010000000000010000000000001
0000000000010000000000001110001000000001
0000000000000001000010000010000000000001
0000000000000000000000000000000000000001
1111111111101001000010000011000000000001
0000000001101000000000001110001000000001
0000000000100001000010000010000000000001
0000000000100010000000010010001001000001
0000000001101010000000010010001000000001
0000000001100000000000001110001000000001
0000000000000000000000000000000000000001
0000000000101000000000001110001000000001
0000000000111000000000001111001000000001
0000000001010001000010000010000000001001
0000000001011000000000001110001000000001
0000000001000001000010000010000000000001
1111111111110010000000110010001001100111
0000000001001000000000001110001000000001
0000000001100001000010000010001001001001
0000000001100001000010000010000000000001
0000000001001000000000001110001000100111
1111111111110010000000100010000000000001
0000000001011000000000001110001000100111
0000000000000000000000000000000000000001
0000000001011001000010000010000000001001
1111111111111001000010000010001001000001
0000000001011000000000001110001000100110
0000000001001001000010000010000000000001
0000000000011000000000001110001000000001
0000000000001001000010000010000000000001
0000000000000000000000000000000000000001
1111111111101001000010000011000000000001
0000000001101000000000001110001000000001
0000000001111001000010000010000000000001
0000000001111010000001000010001001000001
0000000001101010000001000010001000000001
0000000010111000000000001110001000000001
0000000000000000000000000000000000000001
0000000010000000000000001110001000000001
0000000010010000000000001111001000000001
0000000010101001000010000010000000001001
0000000010110000000000001110001000000001
0000000010011001000010000010000000000001
1111111111110010000001100010001001100111
0000000010100000000000001110001000000001
0000000010111001000010000010001001001001
0000000010111001000010000010000000000001
0000000010100000000000001110001000100111
1111111111110010000001010010000000000001
0000000010110000000000001110001000100111
0000000000000000000000000000000000000001
0000000010110001000010000010000000001001
1111111111111001000010000010001001000001
0000000010110000000000001110001000100110
0000000010100001000010000010000000000001
0000000001110000000000001110001000000001
0000000000000000000000000000000000000001
0000000000010001000010000010000000000001
0000000011000000000000001110001000000001
0000000000000000000000000000000000000001
0000000000011001000010000010000000000001
0000000011001000000000001110001000000001
0000000000000000000000000000000000000001
0000000001110001000010000010000000000001
0000000011010000000000001110001000000001
0000000000000000000000000000000000000001
0000000000000000000000000000000000000001
0000000000000000000000000000000000000001
0000000000000000000000000000000000000001
0000000000000000000000000000000000000001
0000000000000000000000000000000000000001
0000000000000000000000000000000000000001
0000000000000000000000000000000000000001
0000000000000000000000000000000000000001
0000000000000000000000000000000000000001
0000000000000000000000000000000000000001
0000000000000000000000000000000000000001
0000000000000000000000000000000000000001
0000000000000000000000000000000000000001
0000000000000000000000000000000000000001
0000000000000000000000000000000000000001
0000000000000000000000000000000000000001
0000000000000000000000000000000000000001
0000000000000000000000000000000000000001
0000000000000000000000000000000000000001
0000000000000000000000000000000000000001
0000000000000000000000000000000000000001
0000000000000000000000000000000000000001
0000000000000000000000000000000000000001
0000000000000000000000000000000000000001
0000000000000000000000000000000000000001
0000000000000000000000000000000000000001
0000000000000000000000000000000000000001
0000000000000000000000000000000000000001
0000000000000000000000000000000000000001
0000000000000000000000000000000000000001
0000000000000000000000000000000000000001
0000000000000000000000000000000000000001
0000000000000000000000000000000000000001
0000000000000000000000000000000000000001
0000000000000000000000000000000000000001
0000000000000000000000000000000000000001
0000000000000000000000000000000000000001
0000000000000000000000000000000000000001
0000000000000000000000000000000000000001
0000000000000000000000000000000000000001
0000000000000000000000000000000000000001
0000000000000000000000000000000000000001
0000000000000000000000000000000000000001
0000000000000000000000000000000000000001
0000000000000000000000000000000000000001
0000000000000000000000000000000000000001
0000000000000000000000000000000000000001
0000000000000000000000000000000000000001
0000000000000000000000000000000000000001
0000000000000000000000000000000000000001
0000000000000000000000000000000000000001
0000000000000000000000000000000000000001
0000000000000000000000000000000000000001
0000000000000000000000000000000000000001
0000000000000000000000000000000000000001
0000000000000000000000000000000000000001
0000000000000000000000000000000000000001
0000000000000000000000000000000000000001
0000000000000000000000000000000000000001
0000000000000000000000000000000000000001
0000000000000000000000000000000000000001
0000000000000000000000000000000000000001
0000000000000000000000000000000000000001
0000000000000000000000000000000000000001
0000000000000000000000000000000000000001
0000000000000000000000000000000000000001
0000000000000000000000000000000000000001
0000000000000000000000000000000000000001
0000000000000000000000000000000000000001
0000000000000000000000000000000000000001
0000000000000000000000000000000000000001
0000000000000000000000000000000000000001
0000000000000000000000000000000000000001
0000000000000000000000000000000000000001
0000000000000000000000000000000000000001
0000000000000000000000000000000000000001
0000000000000000000000000000000000000001
0000000000000000000000000000000000000001
0000000000000000000000000000000000000001
0000000000000000000000000000000000000001
0000000000000000000000000000000000000001
0000000000000000000000000000000000000001
0000000000000000000000000000000000000001
0000000000000000000000000000000000000001
0000000000000000000000000000000000000001
0000000000000000000000000000000000000001
0000000000000000000000000000000000000001
0000000000000000000000000000000000000001
0000000000000000000000000000000000000001
0000000000000000000000000000000000000001
0000000000000000000000000000000000000001
0000000000000000000000000000000000000001
0000000000000000000000000000000000000001
0000000000000000000000000000000000000001
0000000000000000000000000000000000000001
0000000000000000000000000000000000000001
0000000000000000000000000000000000000001
0000000000000000000000000000000000000001
0000000000000000000000000000000000000001
0000000000000000000000000000000000000001
0000000000000000000000000000000000000001
0000000000000000000000000000000000000001
0000000000000000000000000000000000000001
0000000000000000000000000000000000000001
0000000000000000000000000000000000000001
0000000000000000000000000000000000000001
0000000000000000000000000000000000000001
0000000000000000000000000000000000000001
0000000000000000000000000000000000000001
0000000000000000000000000000000000000001
0000000000000000000000000000000000000001
0000000000000000000000000000000000000001
0000000000000000000000000000000000000001
0000000000000000000000000000000000000001
0000000000000000000000000000000000000001
0000000000000000000000000000000000000001
0000000000000000000000000000000000000001
0000000000000000000000000000000000000001
0000000000000000000000000000000000000001
0000000000000000000000000000000000000001
0000000000000000000000000000000000000001
0000000000000000000000000000000000000001
0000000000000000000000000000000000000001
0000000000000000000000000000000000000001
0000000000000000000000000000000000000001
0000000000000000000000000000000000000001
0000000000000000000000000000000000000001
0000000000000000000000000000000000000001
0000000000000000000000000000000000000001
0000000000000000000000000000000000000001
0000000000000000000000000000000000000001
0000000000000000000000000000000000000001
0000000000000000000000000000000000000001
0000000000000000000000000000000000000001
0000000000000000000000000000000000000001
0000000000000000000000000000000000000001
0000000000000000000000000000000000000001
0000000000000000000000000000000000000001
0000000000000000000000000000000000000001
0000000000000000000000000000000000000001
0000000000000000000000000000000000000001
0000000000000000000000000000000000000001
0000000000000000000000000000000000000001
0000000000000000000000000000000000000001
0000000000000000000000000000000000000001
0000000000000000000000000000000000000001
0000000000000000000000000000000000000001
0000000000000000000000000000000000000001
0000000000000000000000000000000000000001
0000000000000000000000000000000000000001
0000000000000000000000000000000000000001
0000000000000000000000000000000000000001
0000000000000000000000000000000000000001
0000000000000000000000000000000000000001
0000000000000000000000000000000000000001
0000000000000000000000000000000000000001
0000000000000000000000000000000000000001
0000000000000000000000000000000000000001
0000000000000000000000000000000000000001
0000000000000000000000000000000000000001
0000000000000000000000000000000000000001
0000000000000000000000000000000000000001
0000000000000000000000000000000000000001
0000000000000000000000000000000000000001
0000000000000000000000000000000000000001
0000000000000000000000000000000000000001
0000000000000000000000000000000000000001
0000000000000000000000000000000000000001
0000000000000000000000000000000000000001
0000000000000000000000000000000000000001
0000000000000000000000000000000000000001
0000000000000000000000000000000000000001
0000000000000000000000000000000000000001
0000000000000000000000000000000000000001
0000000000000000000000000000000000000001
0000000000000000000000000000000000000001
0000000000000000000000000000000000000001
0000000000000000000000000000000000000001
0000000000000000000000000000000000000001
0000000000000000000000000000000000000001
0000000000000000000000000000000000000001
0000000000000000000000000000000000000001
0000000000000000000000000000000000000001
0000000000000000000000000000000000000001
0000000000000000000000000000000000000001
0000000000000000000000000000000000000001
0000000000000000000000000000000000000001
0000000000000000000000000000000000000001
0000000000000000000000000000000000000001
0000000000000000000000000000000000000001
0000000000000000000000000000000000000001
0000000000000000000000000000000000000001
0000000000000000000000000000000000000001
0000000000000000000000000000000000000001
0000000000000000000000000000000000000001
0000000000000000000000000000000000000001
0000000000000000000000000000000000000001
0000000000000000000000000000000000000001
0000000000000000000000000000000000000001
0000000000000000000000000000000000000001
0000000000000000000000000000000000000001
0000000000000000000000000000000000000001
0000000000000000000000000000000000000001
0000000000000000000000000000000000000001
0000000000000000000000000000000000000001
0000000000000000000000000000000000000001
0000000000000000000000000000000000000001
0000000000000000000000000000000000000001
0000000000000000000000000000000000000001
0000000000000000000000000000000000000001
0000000000000000000000000000000000000001
0000000000000000000000000000000000000001
0000000000000000000000000000000000000001
0000000000000000000000000000000000000001
0000000000000000000000000000000000000001
0000000000000000000000000000000000000001
0000000000000000000000000000000000000001
0000000000000000000000000000000000000001
0000000000000000000000000000000000000001
0000000000000000000000000000000000000001
0000000000000000000000000000000000000001
0000000000000000000000000000000000000001
0000000000000000000000000000000000000001
0000000000000000000000000000000000000001
0000000000000000000000000000000000000001
0000000000000000000000000000000000000001
0000000000000000000000000000000000000001
0000000000000000000000000000000000000001
0000000000000000000000000000000000000001
0000000000000000000000000000000000000001
0000000000000000000000000000000000000001
0000000000000000000000000000000000000001
0000000000000000000000000000000000000001
0000000000000000000000000000000000000001
0000000000000000000000000000000000000001
0000000000000000000000000000000000000001
0000000000000000000000000000000000000001
0000000000000000000000000000000000000001
0000000000000000000000000000000000000001
0000000000000000000000000000000000000001
0000000000000000000000000000000000000001
0000000000000000000000000000000000000001
0000000000000000000000000000000000000001
0000000000000000000000000000000000000001
0000000000000000000000000000000000000001
0000000000000000000000000000000000000001
0000000000000000000000000000000000000001
0000000000000000000000000000000000000001
0000000000000000000000000000000000000001
0000000000000000000000000000000000000001
0000000000000000000000000000000000000001
0000000000000000000000000000000000000001
0000000000000000000000000000000000000001
0000000000000000000000000000000000000001
0000000000000000000000000000000000000001
0000000000000000000000000000000000000001
0000000000000000000000000000000000000001
0000000000000000000000000000000000000001
0000000000000000000000000000000000000001
0000000000000000000000000000000000000001
0000000000000000000000000000000000000001
0000000000000000000000000000000000000001
0000000000000000000000000000000000000001
0000000000000000000000000000000000000001
0000000000000000000000000000000000000001
0000000000000000000000000000000000000001
0000000000000000000000000000000000000001
0000000000000000000000000000000000000001
0000000000000000000000000000000000000001
0000000000000000000000000000000000000001
0000000000000000000000000000000000000001
0000000000000000000000000000000000000001
0000000000000000000000000000000000000001
0000000000000000000000000000000000000001
0000000000000000000000000000000000000001
0000000000000000000000000000000000000001
0000000000000000000000000000000000000001
0000000000000000000000000000000000000001
0000000000000000000000000000000000000001
0000000000000000000000000000000000000001
0000000000000000000000000000000000000001
0000000000000000000000000000000000000001
0000000000000000000000000000000000000001
0000000000000000000000000000000000000001
0000000000000000000000000000000000000001
0000000000000000000000000000000000000001
0000000000000000000000000000000000000001
0000000000000000000000000000000000000001
0000000000000000000000000000000000000001
0000000000000000000000000000000000000001
0000000000000000000000000000000000000001
0000000000000000000000000000000000000001
0000000000000000000000000000000000000001
0000000000000000000000000000000000000001
0000000000000000000000000000000000000001
0000000000000000000000000000000000000001
0000000000000000000000000000000000000001
0000000000000000000000000000000000000001
0000000000000000000000000000000000000001
0000000000000000000000000000000000000001
0000000000000000000000000000000000000001
0000000000000000000000000000000000000001
0000000000000000000000000000000000000001
0000000000000000000000000000000000000001
0000000000000000000000000000000000000001
0000000000000000000000000000000000000001
0000000000000000000000000000000000000001
0000000000000000000000000000000000000001
0000000000000000000000000000000000000001
0000000000000000000000000000000000000001
0000000000000000000000000000000000000001
0000000000000000000000000000000000000001
0000000000000000000000000000000000000001
0000000000000000000000000000000000000001
0000000000000000000000000000000000000001
0000000000000000000000000000000000000001
0000000000000000000000000000000000000001
0000000000000000000000000000000000000001
0000000000000000000000000000000000000001
0000000000000000000000000000000000000001
0000000000000000000000000000000000000001
0000000000000000000000000000000000000001
0000000000000000000000000000000000000001
0000000000000000000000000000000000000001
0000000000000000000000000000000000000001
0000000000000000000000000000000000000001
0000000000000000000000000000000000000001
0000000000000000000000000000000000000001
0000000000000000000000000000000000000001
0000000000000000000000000000000000000001
0000000000000000000000000000000000000001
0000000000000000000000000000000000000001
0000000000000000000000000000000000000001
0000000000000000000000000000000000000001
0000000000000000000000000000000000000001
0000000000000000000000000000000000000001
0000000000000000000000000000000000000001
0000000000000000000000000000000000000001
0000000000000000000000000000000000000001
0000000000000000000000000000000000000001
0000000000000000000000000000000000000001
0000000000000000000000000000000000000001
0000000000000000000000000000000000000001
0000000000000000000000000000000000000001
0000000000000000000000000000000000000001
0000000000000000000000000000000000000001
0000000000000000000000000000000000000001
0000000000000000000000000000000000000001
0000000000000000000000000000000000000001
0000000000000000000000000000000000000001
0000000000000000000000000000000000000001
0000000000000000000000000000000000000001
0000000000000000000000000000000000000001
0000000000000000000000000000000000000001
0000000000000000000000000000000000000001
0000000000000000000000000000000000000001
0000000000000000000000000000000000000001
0000000000000000000000000000000000000001
0000000000000000000000000000000000000001
0000000000000000000000000000000000000001
0000000000000000000000000000000000000001
0000000000000000000000000000000000000001
0000000000000000000000000000000000000001
0000000000000000000000000000000000000001
0000000000000000000000000000000000000001
0000000000000000000000000000000000000001
0000000000000000000000000000000000000001
0000000000000000000000000000000000000001
0000000000000000000000000000000000000001
0000000000000000000000000000000000000001
0000000000000000000000000000000000000001
0000000000000000000000000000000000000001
0000000000000000000000000000000000000001
0000000000000000000000000000000000000001
0000000000000000000000000000000000000001
0000000000000000000000000000000000000001
0000000000000000000000000000000000000001
0000000000000000000000000000000000000001
0000000000000000000000000000000000000001
0000000000000000000000000000000000000001
0000000000000000000000000000000000000001
0000000000000000000000000000000000000001
0000000000000000000000000000000000000001
0000000000000000000000000000000000000001
0000000000000000000000000000000000000001
0000000000000000000000000000000000000001
0000000000000000000000000000000000000001
0000000000000000000000000000000000000001
0000000000000000000000000000000000000001
0000000000000000000000000000000000000001
0000000000000000000000000000000000000001
0000000000000000000000000000000000000001
0000000000000000000000000000000000000001
0000000000000000000000000000000000000001
0000000000000000000000000000000000000001
0000000000000000000000000000000000000001
0000000000000000000000000000000000000001
0000000000000000000000000000000000000001
0000000000000000000000000000000000000001
0000000000000000000000000000000000000001
0000000000000000000000000000000000000001
0000000000000000000000000000000000000001
0000000000000000000000000000000000000001
0000000000000000000000000000000000000001
0000000000000000000000000000000000000001
0000000000000000000000000000000000000001
0000000000000000000000000000000000000001
0000000000000000000000000000000000000001
0000000000000000000000000000000000000001
0000000000000000000000000000000000000001
0000000000000000000000000000000000000001
0000000000000000000000000000000000000001
0000000000000000000000000000000000000001
0000000000000000000000000000000000000001
0000000000000000000000000000000000000001
0000000000000000000000000000000000000001
0000000000000000000000000000000000000001
0000000000000000000000000000000000000001
0000000000000000000000000000000000000001
0000000000000000000000000000000000000001
0000000000000000000000000000000000000001
0000000000000000000000000000000000000001
0000000000000000000000000000000000000001
0000000000000000000000000000000000000001
0000000000000000000000000000000000000001
0000000000000000000000000000000000000001
0000000000000000000000000000000000000001
0000000000000000000000000000000000000001
0000000000000000000000000000000000000001
0000000000000000000000000000000000000001
0000000000000000000000000000000000000001
0000000000000000000000000000000000000001
0000000000000000000000000000000000000001
0000000000000000000000000000000000000001
0000000000000000000000000000000000000001
0000000000000000000000000000000000000001
0000000000000000000000000000000000000001
0000000000000000000000000000000000000001
0000000000000000000000000000000000000001
0000000000000000000000000000000000000001
0000000000000000000000000000000000000001
0000000000000000000000000000000000000001
0000000000000000000000000000000000000001
0000000000000000000000000000000000000001
0000000000000000000000000000000000000001
0000000000000000000000000000000000000001
0000000000000000000000000000000000000001
0000000000000000000000000000000000000001
0000000000000000000000000000000000000001
0000000000000000000000000000000000000001
0000000000000000000000000000000000000001
0000000000000000000000000000000000000001
0000000000000000000000000000000000000001
0000000000000000000000000000000000000001
0000000000000000000000000000000000000001
0000000000000000000000000000000000000001
0000000000000000000000000000000000000001
0000000000000000000000000000000000000001
0000000000000000000000000000000000000001
0000000000000000000000000000000000000001
0000000000000000000000000000000000000001
0000000000000000000000000000000000000001
0000000000000000000000000000000000000001
0000000000000000000000000000000000000001
0000000000000000000000000000000000000001
0000000000000000000000000000000000000001
0000000000000000000000000000000000000001
0000000000000000000000000000000000000001
0000000000000000000000000000000000000001
0000000000000000000000000000000000000001
0000000000000000000000000000000000000001
0000000000000000000000000000000000000001
0000000000000000000000000000000000000001
0000000000000000000000000000000000000001
0000000000000000000000000000000000000001
0000000000000000000000000000000000000001
0000000000000000000000000000000000000001
0000000000000000000000000000000000000001
0000000000000000000000000000000000000001
0000000000000000000000000000000000000001
0000000000000000000000000000000000000001
0000000000000000000000000000000000000001
0000000000000000000000000000000000000001
0000000000000000000000000000000000000001
0000000000000000000000000000000000000001
0000000000000000000000000000000000000001
0000000000000000000000000000000000000001
0000000000000000000000000000000000000001
0000000000000000000000000000000000000001
0000000000000000000000000000000000000001
0000000000000000000000000000000000000001
0000000000000000000000000000000000000001
0000000000000000000000000000000000000001
0000000000000000000000000000000000000001
0000000000000000000000000000000000000001
0000000000000000000000000000000000000001
0000000000000000000000000000000000000001
0000000000000000000000000000000000000001
0000000000000000000000000000000000000001
0000000000000000000000000000000000000001
0000000000000000000000000000000000000001
0000000000000000000000000000000000000001
0000000000000000000000000000000000000001
0000000000000000000000000000000000000001
0000000000000000000000000000000000000001
0000000000000000000000000000000000000001
0000000000000000000000000000000000000001
0000000000000000000000000000000000000001
0000000000000000000000000000000000000001
0000000000000000000000000000000000000001
0000000000000000000000000000000000000001
0000000000000000000000000000000000000001
0000000000000000000000000000000000000001
0000000000000000000000000000000000000001
0000000000000000000000000000000000000001
0000000000000000000000000000000000000001
0000000000000000000000000000000000000001
0000000000000000000000000000000000000001
0000000000000000000000000000000000000001
0000000000000000000000000000000000000001
0000000000000000000000000000000000000001
0000000000000000000000000000000000000001
0000000000000000000000000000000000000001
0000000000000000000000000000000000000001
0000000000000000000000000000000000000001
0000000000000000000000000000000000000001
0000000000000000000000000000000000000001
0000000000000000000000000000000000000001
0000000000000000000000000000000000000001
0000000000000000000000000000000000000001
0000000000000000000000000000000000000001
0000000000000000000000000000000000000001
0000000000000000000000000000000000000001
0000000000000000000000000000000000000001
0000000000000000000000000000000000000001
0000000000000000000000000000000000000001
0000000000000000000000000000000000000001
0000000000000000000000000000000000000001
0000000000000000000000000000000000000001
0000000000000000000000000000000000000001
0000000000000000000000000000000000000001
0000000000000000000000000000000000000001
0000000000000000000000000000000000000001
0000000000000000000000000000000000000001
0000000000000000000000000000000000000001
0000000000000000000000000000000000000001
0000000000000000000000000000000000000001
0000000000000000000000000000000000000001
0000000000000000000000000000000000000001
0000000000000000000000000000000000000001
0000000000000000000000000000000000000001
0000000000000000000000000000000000000001
0000000000000000000000000000000000000001
0000000000000000000000000000000000000001
0000000000000000000000000000000000000001
0000000000000000000000000000000000000001
0000000000000000000000000000000000000001
0000000000000000000000000000000000000001
0000000000000000000000000000000000000001
0000000000000000000000000000000000000001
0000000000000000000000000000000000000001
0000000000000000000000000000000000000001
0000000000000000000000000000000000000001
0000000000000000000000000000000000000001
0000000000000000000000000000000000000001
0000000000000000000000000000000000000001
0000000000000000000000000000000000000001
0000000000000000000000000000000000000001
0000000000000000000000000000000000000001
0000000000000000000000000000000000000001
0000000000000000000000000000000000000001
0000000000000000000000000000000000000001
0000000000000000000000000000000000000001
0000000000000000000000000000000000000001
0000000000000000000000000000000000000001
0000000000000000000000000000000000000001
0000000000000000000000000000000000000001
0000000000000000000000000000000000000001
0000000000000000000000000000000000000001
0000000000000000000000000000000000000001
0000000000000000000000000000000000000001
0000000000000000000000000000000000000001
0000000000000000000000000000000000000001
0000000000000000000000000000000000000001
0000000000000000000000000000000000000001
0000000000000000000000000000000000000001
0000000000000000000000000000000000000001
0000000000000000000000000000000000000001
0000000000000000000000000000000000000001
0000000000000000000000000000000000000001
0000000000000000000000000000000000000001
0000000000000000000000000000000000000001
0000000000000000000000000000000000000001
0000000000000000000000000000000000000001
0000000000000000000000000000000000000001
0000000000000000000000000000000000000001
0000000000000000000000000000000000000001
0000000000000000000000000000000000000001
0000000000000000000000000000000000000001
0000000000000000000000000000000000000001
0000000000000000000000000000000000000001
0000000000000000000000000000000000000001
0000000000000000000000000000000000000001
0000000000000000000000000000000000000001
0000000000000000000000000000000000000001
0000000000000000000000000000000000000001
0000000000000000000000000000000000000001
0000000000000000000000000000000000000001
0000000000000000000000000000000000000001
0000000000000000000000000000000000000001
0000000000000000000000000000000000000001
0000000000000000000000000000000000000001
0000000000000000000000000000000000000001
0000000000000000000000000000000000000001
0000000000000000000000000000000000000001
0000000000000000000000000000000000000001
0000000000000000000000000000000000000001
0000000000000000000000000000000000000001
0000000000000000000000000000000000000001
0000000000000000000000000000000000000001
0000000000000000000000000000000000000001
0000000000000000000000000000000000000001
0000000000000000000000000000000000000001
0000000000000000000000000000000000000001
0000000000000000000000000000000000000001
0000000000000000000000000000000000000001
0000000000000000000000000000000000000001
0000000000000000000000000000000000000001
0000000000000000000000000000000000000001
0000000000000000000000000000000000000001
0000000000000000000000000000000000000001
0000000000000000000000000000000000000001
0000000000000000000000000000000000000001
0000000000000000000000000000000000000001
0000000000000000000000000000000000000001
0000000000000000000000000000000000000001
0000000000000000000000000000000000000001
0000000000000000000000000000000000000001
0000000000000000000000000000000000000001
0000000000000000000000000000000000000001
0000000000000000000000000000000000000001
0000000000000000000000000000000000000001
0000000000000000000000000000000000000001
0000000000000000000000000000000000000001
0000000000000000000000000000000000000001
0000000000000000000000000000000000000001
0000000000000000000000000000000000000001
0000000000000000000000000000000000000001
0000000000000000000000000000000000000001
0000000000000000000000000000000000000001
0000000000000000000000000000000000000001
0000000000000000000000000000000000000001
0000000000000000000000000000000000000001
0000000000000000000000000000000000000001
0000000000000000000000000000000000000001
0000000000000000000000000000000000000001
0000000000000000000000000000000000000001
0000000000000000000000000000000000000001
0000000000000000000000000000000000000001
0000000000000000000000000000000000000001
0000000000000000000000000000000000000001
0000000000000000000000000000000000000001
0000000000000000000000000000000000000001
0000000000000000000000000000000000000001
0000000000000000000000000000000000000001
0000000000000000000000000000000000000001
0000000000000000000000000000000000000001
0000000000000000000000000000000000000001
0000000000000000000000000000000000000001
0000000000000000000000000000000000000001
0000000000000000000000000000000000000001
0000000000000000000000000000000000000001
0000000000000000000000000000000000000001
0000000000000000000000000000000000000001
0000000000000000000000000000000000000001
0000000000000000000000000000000000000001
0000000000000000000000000000000000000001
0000000000000000000000000000000000000001
0000000000000000000000000000000000000001
0000000000000000000000000000000000000001
0000000000000000000000000000000000000001
0000000000000000000000000000000000000001
0000000000000000000000000000000000000001
0000000000000000000000000000000000000001
0000000000000000000000000000000000000001
0000000000000000000000000000000000000001
0000000000000000000000000000000000000001
0000000000000000000000000000000000000001
0000000000000000000000000000000000000001
0000000000000000000000000000000000000001
0000000000000000000000000000000000000001
0000000000000000000000000000000000000001
0000000000000000000000000000000000000001
0000000000000000000000000000000000000001
0000000000000000000000000000000000000001
0000000000000000000000000000000000000001
0000000000000000000000000000000000000001
0000000000000000000000000000000000000001
0000000000000000000000000000000000000001
0000000000000000000000000000000000000001
0000000000000000000000000000000000000001
0000000000000000000000000000000000000001
0000000000000000000000000000000000000001
0000000000000000000000000000000000000001
0000000000000000000000000000000000000001
0000000000000000000000000000000000000001
0000000000000000000000000000000000000001
0000000000000000000000000000000000000001
0000000000000000000000000000000000000001
0000000000000000000000000000000000000001
0000000000000000000000000000000000000001
0000000000000000000000000000000000000001
0000000000000000000000000000000000000001
0000000000000000000000000000000000000001
0000000000000000000000000000000000000001
0000000000000000000000000000000000000001
0000000000000000000000000000000000000001
0000000000000000000000000000000000000001
0000000000000000000000000000000000000001
0000000000000000000000000000000000000001
0000000000000000000000000000000000000001
0000000000000000000000000000000000000001
0000000000000000000000000000000000000001
0000000000000000000000000000000000000001
0000000000000000000000000000000000000001
0000000000000000000000000000000000000001
0000000000000000000000000000000000000001
0000000000000000000000000000000000000001
0000000000000000000000000000000000000001
0000000000000000000000000000000000000001
0000000000000000000000000000000000000001
0000000000000000000000000000000000000001
0000000000000000000000000000000000000001
0000000000000000000000000000000000000001
0000000000000000000000000000000000000001
0000000000000000000000000000000000000001
0000000000000000000000000000000000000001
0000000000000000000000000000000000000001
0000000000000000000000000000000000000001
0000000000000000000000000000000000000001
0000000000000000000000000000000000000001
0000000000000000000000000000000000000001
0000000000000000000000000000000000000001
0000000000000000000000000000000000000001
0000000000000000000000000000000000000001
0000000000000000000000000000000000000001
0000000000000000000000000000000000000001
0000000000000000000000000000000000000001
0000000000000000000000000000000000000001
0000000000000000000000000000000000000001
0000000000000000000000000000000000000001
0000000000000000000000000000000000000001
0000000000000000000000000000000000000001
0000000000000000000000000000000000000001
0000000000000000000000000000000000000001
0000000000000000000000000000000000000001
0000000000000000000000000000000000000001
0000000000000000000000000000000000000001
0000000000000000000000000000000000000001
0000000000000000000000000000000000000001
0000000000000000000000000000000000000001
0000000000000000000000000000000000000001
0000000000000000000000000000000000000001
0000000000000000000000000000000000000001
0000000000000000000000000000000000000001
0000000000000000000000000000000000000001
0000000000000000000000000000000000000001
0000000000000000000000000000000000000001
0000000000000000000000000000000000000001
0000000000000000000000000000000000000001
0000000000000000000000000000000000000001
0000000000000000000000000000000000000001
0000000000000000000000000000000000000001
0000000000000000000000000000000000000001
0000000000000000000000000000000000000001
0000000000000000000000000000000000000001
0000000000000000000000000000000000000001
0000000000000000000000000000000000000001
0000000000000000000000000000000000000001
0000000000000000000000000000000000000001
0000000000000000000000000000000000000001
0000000000000000000000000000000000000001
0000000000000000000000000000000000000001
0000000000000000000000000000000000000001
0000000000000000000000000000000000000001
0000000000000000000000000000000000000001
0000000000000000000000000000000000000001
0000000000000000000000000000000000000001
0000000000000000000000000000000000000001
0000000000000000000000000000000000000001
0000000000000000000000000000000000000001
0000000000000000000000000000000000000001
0000000000000000000000000000000000000001
0000000000000000000000000000000000000001
0000000000000000000000000000000000000001
0000000000000000000000000000000000000001
0000000000000000000000000000000000000001
0000000000000000000000000000000000000001
0000000000000000000000000000000000000001
0000000000000000000000000000000000000001
0000000000000000000000000000000000000001
0000000000000000000000000000000000000001
0000000000000000000000000000000000000001
0000000000000000000000000000000000000001
0000000000000000000000000000000000000001
0000000000000000000000000000000000000001
0000000000000000000000000000000000000001
0000000000000000000000000000000000000001
0000000000000000000000000000000000000001
0000000000000000000000000000000000000001
0000000000000000000000000000000000000001
0000000000000000000000000000000000000001
0000000000000000000000000000000000000001
0000000000000000000000000000000000000001
0000000000000000000000000000000000000001
0000000000000000000000000000000000000001
0000000000000000000000000000000000000001
0000000000000000000000000000000000000001
0000000000000000000000000000000000000001
0000000000000000000000000000000000000001
0000000000000000000000000000000000000001
0000000000000000000000000000000000000001
0000000000000000000000000000000000000001
0000000000000000000000000000000000000001
0000000000000000000000000000000000000001
0000000000000000000000000000000000000001
0000000000000000000000000000000000000001
0000000000000000000000000000000000000001
0000000000000000000000000000000000000001
0000000000000000000000000000000000000001
0000000000000000000000000000000000000001
0000000000000000000000000000000000000001
0000000000000000000000000000000000000001
0000000000000000000000000000000000000001
0000000000000000000000000000000000000001
0000000000000000000000000000000000000001
0000000000000000000000000000000000000001
0000000000000000000000000000000000000001
0000000000000000000000000000000000000001
0000000000000000000000000000000000000001
0000000000000000000000000000000000000001
0000000000000000000000000000000000000001
0000000000000000000000000000000000000001
0000000000000000000000000000000000000001
0000000000000000000000000000000000000001
0000000000000000000000000000000000000001
0000000000000000000000000000000000000001
0000000000000000000000000000000000000001
0000000000000000000000000000000000000001
0000000000000000000000000000000000000001
0000000000000000000000000000000000000001
0000000000000000000000000000000000000001
0000000000000000000000000000000000000001
0000000000000000000000000000000000000001
0000000000000000000000000000000000000001
0000000000000000000000000000000000000001
0000000000000000000000000000000000000001
0000000000000000000000000000000000000001
0000000000000000000000000000000000000001
0000000000000000000000000000000000000001
0000000000000000000000000000000000000001
0000000000000000000000000000000000000001
0000000000000000000000000000000000000001
0000000000000000000000000000000000000001
0000000000000000000000000000000000000001
0000000000000000000000000000000000000001
0000000000000000000000000000000000000001
0000000000000000000000000000000000000001
0000000000000000000000000000000000000001
0000000000000000000000000000000000000001
0000000000000000000000000000000000000001
0000000000000000000000000000000000000001
0000000000000000000000000000000000000001
0000000000000000000000000000000000000001
0000000000000000000000000000000000000001
0000000000000000000000000000000000000001
0000000000000000000000000000000000000001
0000000000000000000000000000000000000001
0000000000000000000000000000000000000001
0000000000000000000000000000000000000001
0000000000000000000000000000000000000001
0000000000000000000000000000000000000001
0000000000000000000000000000000000000001
0000000000000000000000000000000000000001
0000000000000000000000000000000000000001
0000000000000000000000000000000000000001
0000000000000000000000000000000000000001
0000000000000000000000000000000000000001
0000000000000000000000000000000000000001
0000000000000000000000000000000000000001
0000000000000000000000000000000000000001
0000000000000000000000000000000000000001
0000000000000000000000000000000000000001
0000000000000000000000000000000000000001
0000000000000000000000000000000000000001
0000000000000000000000000000000000000001
0000000000000000000000000000000000000001
0000000000000000000000000000000000000001
0000000000000000000000000000000000000001
0000000000000000000000000000000000000001
0000000000000000000000000000000000000001
0000000000000000000000000000000000000001
0000000000000000000000000000000000000001
0000000000000000000000000000000000000001
0000000000000000000000000000000000000001
0000000000000000000000000000000000000001
0000000000000000000000000000000000000001
0000000000000000000000000000000000000001
0000000000000000000000000000000000000001
0000000000000000000000000000000000000001
0000000000000000000000000000000000000001
0000000000000000000000000000000000000001
0000000000000000000000000000000000000001
0000000000000000000000000000000000000001
0000000000000000000000000000000000000001
0000000000000000000000000000000000000001
0000000000000000000000000000000000000001
0000000000000000000000000000000000000001
0000000000000000000000000000000000000001
0000000000000000000000000000000000000001
0000000000000000000000000000000000000001
0000000000000000000000000000000000000001
0000000000000000000000000000000000000001
0000000000000000000000000000000000000001
0000000000000000000000000000000000000001
0000000000000000000000000000000000000001
0000000000000000000000000000000000000001
0000000000000000000000000000000000000001
0000000000000000000000000000000000000001
0000000000000000000000000000000000000001
0000000000000000000000000000000000000001
0000000000000000000000000000000000000001
0000000000000000000000000000000000000001
0000000000000000000000000000000000000001
0000000000000000000000000000000000000001
0000000000000000000000000000000000000001
0000000000000000000000000000000000000001
0000000000000000000000000000000000000001
0000000000000000000000000000000000000001
0000000000000000000000000000000000000001
0000000000000000000000000000000000000001
0000000000000000000000000000000000000001
0000000000000000000000000000000000000001
0000000000000000000000000000000000000001
0000000000000000000000000000000000000001
0000000000000000000000000000000000000001
0000000000000000000000000000000000000001
0000000000000000000000000000000000000001
0000000000000000000000000000000000000001
0000000000000000000000000000000000000001
0000000000000000000000000000000000000001
0000000000000000000000000000000000000001
0000000000000000000000000000000000000001
0000000000000000000000000000000000000001
